%YAML:1.0
R: !!opencv-matrix
   rows: 3
   cols: 3
   dt: d
   data: [ 9.9987545802462852e-001, -1.2388105570016272e-003,
       1.5733206553121895e-002, 5.9034167527467589e-004,
       9.9915261921185927e-001, 4.1154526103308525e-002,
       -1.5770857197558108e-002, -4.1140112669818124e-002,
       9.9902891409246453e-001 ]
T: [ -2.5172261427130862e+000, 2.2182727891693566e-002,
    1.0397095854675402e-001 ]
E: !!opencv-matrix
   rows: 3
   cols: 3
   dt: d
   data: [ -4.1121902368059313e-004, -1.0479545547874511e-001,
       1.7882311029748851e-002, 6.4259195767507216e-002,
       -1.0368776744769734e-001, 2.5164174964461599e+000,
       -2.3665988709077258e-002, -2.5150656134428502e+000,
       -1.0394425443804806e-001 ]
F: !!opencv-matrix
   rows: 3
   cols: 3
   dt: d
   data: [ 3.5767889373875571e-009, 9.0943368575634466e-007,
       -6.1224804677873163e-004, -5.5887253019510689e-007,
       8.9973263268057175e-007, -1.7659931615378655e-002,
       4.6384799217546682e-004, 1.6486772176656703e-002, 1. ]
R1: !!opencv-matrix
   rows: 3
   cols: 3
   dt: d
   data: [ 9.9963054830839060e-001, -8.3370388903129533e-003,
       -2.5870072887562465e-002, 8.8686754797300989e-003,
       9.9975043458995783e-001, 2.0504027224564250e-002,
       2.5692673739835234e-002, -2.0725885258098084e-002,
       9.9945501359309141e-001 ]
R2: !!opencv-matrix
   rows: 3
   cols: 3
   dt: d
   data: [ 9.9910936115676974e-001, -8.8045212611288851e-003,
       -4.1266994732762477e-002, 7.9516636601248310e-003,
       9.9975233435112731e-001, -2.0785596082573597e-002,
       4.1439781538369219e-002, 2.0438942360943693e-002,
       9.9893192668030095e-001 ]
P1: !!opencv-matrix
   rows: 3
   cols: 4
   dt: d
   data: [ 4.6042683964338340e+002, 0., 5.7408731460571289e+002, 0., 0.,
       4.6042683964338340e+002, 5.4603752899169922e+002, 0., 0., 0., 1.,
       0. ]
P2: !!opencv-matrix
   rows: 3
   cols: 4
   dt: d
   data: [ 4.6042683964338340e+002, 0., 5.7408731460571289e+002,
       -1.1600316468011081e+003, 0., 4.6042683964338340e+002,
       5.4603752899169922e+002, 0., 0., 0., 1., 0. ]
Q: !!opencv-matrix
   rows: 4
   cols: 4
   dt: d
   data: [ 1., 0., 0., -5.7408731460571289e+002, 0., 1., 0.,
       -5.4603752899169922e+002, 0., 0., 0., 4.6042683964338340e+002, 0.,
       0., 3.9690886098931172e-001, 0. ]
boardWidth: 11
boardHeight: 7
squareSize: 1.
imageSize: [ 1100, 1100 ]
