%YAML:1.0
R: !!opencv-matrix
   rows: 3
   cols: 3
   dt: d
   data: [ 9.9988875513809183e-001, 2.6837138143848503e-003,
       -1.4672253697353321e-002, -2.9244328502065261e-003,
       9.9986107589830608e-001, -1.6409649477868087e-002,
       1.4626176564695614e-002, 1.6450732009377068e-002,
       9.9975769483182975e-001 ]
T: [ -2.1800252746181337e+000, -1.5938672899471398e-002,
    -4.4348347039981112e-001 ]
E: !!opencv-matrix
   rows: 3
   cols: 3
   dt: d
   data: [ -1.5300594733953989e-003, 4.4315965702061538e-001,
       -2.3212219175143468e-002, -4.1154870056032405e-001,
       3.4672828850448256e-002, 2.1860039452156408e+000,
       2.2312237331379471e-002, -2.1796796417285438e+000,
       3.5539594356996516e-002 ]
F: !!opencv-matrix
   rows: 3
   cols: 3
   dt: d
   data: [ 8.7653854375550876e-008, -2.5355707554266940e-005,
       1.4375577878358017e-002, 2.3575109989689733e-005,
       -1.9836935419444387e-006, -9.6390216319130612e-002,
       -1.3991225326191192e-002, 9.7872660202004413e-002, 1. ]
R1: !!opencv-matrix
   rows: 3
   cols: 3
   dt: d
   data: [ 9.8268939703937874e-001, 1.3072416279094105e-002,
       1.8479897423689459e-001, -1.1586312944411377e-002,
       9.9989129140694621e-001, -9.1193596762017427e-003,
       -1.8489809706629357e-001, 6.8203593142770200e-003,
       9.8273403136356663e-001 ]
R2: !!opencv-matrix
   rows: 3
   cols: 3
   dt: d
   data: [ 9.7990374308424744e-001, 7.1643046600564676e-003,
       1.9934223593664027e-001, -8.7678003962690324e-003,
       9.9993591129743231e-001, 7.1623302063663907e-003,
       -1.9927814723569776e-001, -8.7661871136622427e-003,
       9.7990375751794923e-001 ]
P1: !!opencv-matrix
   rows: 3
   cols: 4
   dt: d
   data: [ 7.0888776417222914e+002, 0., 4.5194758415222168e+002, 0., 0.,
       7.0888776417222914e+002, 4.8610078191757202e+002, 0., 0., 0., 1.,
       0. ]
P2: !!opencv-matrix
   rows: 3
   cols: 4
   dt: d
   data: [ 7.0888776417222914e+002, 0., 4.5194758415222168e+002,
       -1.5770867839517307e+003, 0., 7.0888776417222914e+002,
       4.8610078191757202e+002, 0., 0., 0., 1., 0. ]
Q: !!opencv-matrix
   rows: 4
   cols: 4
   dt: d
   data: [ 1., 0., 0., -4.5194758415222168e+002, 0., 1., 0.,
       -4.8610078191757202e+002, 0., 0., 0., 7.0888776417222914e+002, 0.,
       0., 4.4949191850809767e-001, 0. ]
boardWidth: 7
boardHeight: 11
squareSize: 1.
imageSize: [ 1100, 1100 ]
