%YAML:1.0
R: !!opencv-matrix
   rows: 3
   cols: 3
   dt: d
   data: [ 9.9994124951778018e-001, -7.1311688082414254e-004,
       -1.0816144282267195e-002, 1.1335937717342490e-003,
       9.9924173469941113e-001, 3.8918769251768411e-002,
       1.0780189144037455e-002, -3.8928743869100023e-002,
       9.9918383715049797e-001 ]
T: [ -2.5278143008734877e+000, 5.4875581405865272e-002,
    -2.4027451617092832e-001 ]
E: !!opencv-matrix
   rows: 3
   cols: 3
   dt: d
   data: [ 8.6394284198207686e-004, 2.3795608688948325e-001,
       6.4181982446913630e-002, -2.1301008364281915e-001,
       -9.8233291653838803e-002, 2.5283500365849312e+000,
       -5.7737871986566540e-002, -2.5258584142993574e+000,
       -9.7785879280956403e-002 ]
F: !!opencv-matrix
   rows: 3
   cols: 3
   dt: d
   data: [ -9.0430369401070304e-009, -2.4900177746420723e-006,
       9.1961066571646845e-004, 2.2264287289897220e-006,
       1.0264638662963368e-006, -1.9318375976125634e-002,
       -8.3728081311110506e-004, 1.8128887416991844e-002, 1. ]
R1: !!opencv-matrix
   rows: 3
   cols: 3
   dt: d
   data: [ 9.9621739932192910e-001, -2.5982424384460238e-002,
       8.2920485474686875e-002, 2.4370657622028381e-002,
       9.9949501187325951e-001, 2.0390985448053685e-002,
       -8.3408418851587285e-002, -1.8293027731315369e-002,
       9.9634753013248323e-001 ]
R2: !!opencv-matrix
   rows: 3
   cols: 3
   dt: d
   data: [ 9.9528051963990671e-001, -2.1606253734025860e-002,
       9.4603683992211848e-002, 2.3435917228210996e-002,
       9.9955834797080678e-001, -1.8272021933659888e-002,
       -9.4167112141075177e-002, 2.0402911592530090e-002,
       9.9534731435291346e-001 ]
P1: !!opencv-matrix
   rows: 3
   cols: 4
   dt: d
   data: [ 3.2551328829142273e+002, 0., 4.1211206674575806e+002, 0., 0.,
       3.2551328829142273e+002, 5.9311947757005692e+002, 0., 0., 0., 1.,
       0. ]
P2: !!opencv-matrix
   rows: 3
   cols: 4
   dt: d
   data: [ 3.2551328829142273e+002, 0., 4.1211206674575806e+002,
       -8.2673892337922564e+002, 0., 3.2551328829142273e+002,
       5.9311947757005692e+002, 0., 0., 0., 1., 0. ]
Q: !!opencv-matrix
   rows: 4
   cols: 4
   dt: d
   data: [ 1., 0., 0., -4.1211206674575806e+002, 0., 1., 0.,
       -5.9311947757005692e+002, 0., 0., 0., 3.2551328829142273e+002, 0.,
       0., 3.9373165951944611e-001, 0. ]
boardWidth: 7
boardHeight: 11
squareSize: 1.
imageSize: [ 1100, 1100 ]
