%YAML:1.0
---
IntrinsicMat: !!opencv-matrix
   rows: 3
   cols: 3
   dt: d
   data: [ 6.5642388489174937e+02, 0., 5.5378172287357370e+02, 0.,
       6.5723339199859083e+02, 5.5969132140626903e+02, 0., 0., 1. ]
DistorsionVector: !!opencv-matrix
   rows: 1
   cols: 5
   dt: d
   data: [ -3.2119474696296924e-01, 1.3899566406497194e-01,
       5.8146976612931931e-04, -5.8541937635766574e-04,
       -3.3507817180827751e-02 ]
boardWidth: 11
boardHeight: 7
squareSize: 2.4000000953674316e+00
calibrationError: 2.5257756501679191e-01
imageSize: [ 1100, 1100 ]
