%YAML:1.0
R: !!opencv-matrix
   rows: 3
   cols: 3
   dt: d
   data: [ 9.9759347039912138e-001, 5.8560297581243042e-003,
       -6.9086718929973881e-002, -4.1431072966853265e-003,
       9.9968108530230804e-001, 2.4911088910916479e-002,
       6.9210566237861412e-002, -2.4564905948759416e-002,
       9.9729958533871010e-001 ]
T: [ -1.4779812694664882e+000, 3.1441690471204049e-002,
    -3.0616132445732186e-001 ]
E: !!opencv-matrix
   rows: 3
   cols: 3
   dt: d
   data: [ 9.0763798366562984e-004, 3.0529132294179240e-001,
       3.8983596843920165e-002, -2.0313261761864226e-001,
       -3.8099360705281159e-002, 1.4951417885473206e+000,
       -2.5242590130492584e-002, -1.4776940429917871e+000,
       -3.4645919580081584e-002 ]
F: !!opencv-matrix
   rows: 3
   cols: 3
   dt: d
   data: [ -3.0019343551655339e-008, -1.0103999265994050e-005,
       4.5840886628300808e-003, 6.7207888933673882e-006,
       1.2613877059379112e-006, -3.7343509508189009e-002,
       -3.1585307959669244e-003, 3.7242418696848384e-002, 1. ]
R1: !!opencv-matrix
   rows: 3
   cols: 3
   dt: d
   data: [ 9.9076515198197179e-001, -2.0068665998251183e-002,
       1.3409572052526869e-001, 1.8429163546150672e-002,
       9.9973960954247654e-001, 1.3456561330660590e-002,
       -1.3433085851407917e-001, -1.0861020067527576e-002,
       9.9087701491858393e-001 ]
R2: !!opencv-matrix
   rows: 3
   cols: 3
   dt: d
   data: [ 9.7899909025727561e-001, -2.0826641719600955e-002,
       2.0279800854572053e-001, 2.3309648451998212e-002,
       9.9967964148091204e-001, -9.8627936021875081e-003,
       -2.0252763160732171e-001, 1.4382816249902921e-002,
       9.7917092125545213e-001 ]
P1: !!opencv-matrix
   rows: 3
   cols: 4
   dt: d
   data: [ 7.2059064284069700e+002, 0., 3.8045477581024170e+002, 0., 0.,
       7.2059064284069700e+002, 4.9773921716213226e+002, 0., 0., 0., 1.,
       0. ]
P2: !!opencv-matrix
   rows: 3
   cols: 4
   dt: d
   data: [ 7.2059064284069700e+002, 0., 3.8045477581024170e+002,
       -1.0878656412147277e+003, 0., 7.2059064284069700e+002,
       4.9773921716213226e+002, 0., 0., 0., 1., 0. ]
Q: !!opencv-matrix
   rows: 4
   cols: 4
   dt: d
   data: [ 1., 0., 0., -3.8045477581024170e+002, 0., 1., 0.,
       -4.9773921716213226e+002, 0., 0., 0., 7.2059064284069700e+002, 0.,
       0., 6.6238937561818223e-001, 0. ]
boardWidth: 7
boardHeight: 11
squareSize: 1.
imageSize: [ 1100, 1100 ]
