%YAML:1.0
R: !!opencv-matrix
   rows: 3
   cols: 3
   dt: d
   data: [ 9.9998327728683112e-001, -8.1263601955227130e-004,
       -5.7257985808371204e-003, 1.0312755722476361e-003,
       9.9926628599053391e-001, 3.8286109143898413e-002,
       5.6904848108641371e-003, -3.8291373772484878e-002,
       9.9925041359873013e-001 ]
T: [ -2.5462781235146719e+000, 4.6708202920445856e-002,
    -1.8391349228016812e-001 ]
E: !!opencv-matrix
   rows: 3
   cols: 3
   dt: d
   data: [ 4.5545781125684863e-004, 1.8199003111808448e-001,
       5.3714523125182968e-002, -1.6942085976149296e-001,
       -9.7351032627893200e-002, 2.5454225196725289e+000,
       -4.9333336261495019e-002, -2.5443719268153502e+000,
       -9.7219640385608236e-002 ]
F: !!opencv-matrix
   rows: 3
   cols: 3
   dt: d
   data: [ -4.7187064603215612e-009, -1.8833948097224784e-006,
       6.6645750829802690e-004, 1.7520041339682774e-006,
       1.0056058029782109e-006, -1.8942148127837337e-002,
       -6.4096932341450028e-004, 1.7753133662020495e-002, 1. ]
R1: !!opencv-matrix
   rows: 3
   cols: 3
   dt: d
   data: [ 9.9760913427171594e-001, -2.1848034413637221e-002,
       6.5564308963780821e-002, 2.0591605436342763e-002,
       9.9959231827255046e-001, 1.9778347657530924e-002,
       -6.5969697613310035e-002, -1.8380985903065802e-002,
       9.9765231336074178e-001 ]
R2: !!opencv-matrix
   rows: 3
   cols: 3
   dt: d
   data: [ 9.9723479801281145e-001, -1.8292991984951747e-002,
       7.2028633727051733e-002, 1.9665709531186588e-002,
       9.9963737498166128e-001, -1.8395064784022506e-002,
       -7.1666013569768761e-002, 1.9760692903131691e-002,
       9.9723292039272649e-001 ]
P1: !!opencv-matrix
   rows: 3
   cols: 4
   dt: d
   data: [ 1.3157436186668264e+002, 0., 5.9770551466941833e+002, 0., 0.,
       1.3157436186668264e+002, 5.8470936214923859e+002, 0., 0., 0., 1.,
       0. ]
P2: !!opencv-matrix
   rows: 3
   cols: 4
   dt: d
   data: [ 1.3157436186668264e+002, 0., 5.9770551466941833e+002,
       -3.3595389962739051e+002, 0., 1.3157436186668264e+002,
       5.8470936214923859e+002, 0., 0., 0., 1., 0. ]
Q: !!opencv-matrix
   rows: 4
   cols: 4
   dt: d
   data: [ 1., 0., 0., -5.9770551466941833e+002, 0., 1., 0.,
       -5.8470936214923859e+002, 0., 0., 0., 1.3157436186668264e+002, 0.,
       0., 3.9164409763545810e-001, 0. ]
boardWidth: 7
boardHeight: 11
squareSize: 1.
imageSize: [ 1100, 1100 ]
