%YAML:1.0
IntrinsicMat: !!opencv-matrix
   rows: 3
   cols: 3
   dt: d
   data: [ 6.6714334799080143e+002, 0., 5.4513622502097940e+002, 0.,
       6.6669752620316206e+002, 5.3720357592597384e+002, 0., 0., 1. ]
DistorsionVector: !!opencv-matrix
   rows: 1
   cols: 5
   dt: d
   data: [ -2.9617166017805602e-001, 9.7618041427718252e-002,
       4.7821213996072139e-004, -4.8879588283224398e-006,
       -1.5527496008581792e-002 ]
boardWidth: 11
boardHeight: 7
squareSize: 1.
calibrationError: 2.9407534028747351e-001
imageSize: [ 1100, 1100 ]
