%YAML:1.0
---
IntrinsicMat: !!opencv-matrix
   rows: 3
   cols: 3
   dt: d
   data: [ 6.7308565851112553e+02, 0., 5.6287876377019745e+02, 0.,
       6.7309943073650072e+02, 5.6411786884080493e+02, 0., 0., 1. ]
DistorsionVector: !!opencv-matrix
   rows: 1
   cols: 5
   dt: d
   data: [ -2.6945320621519714e-01, 5.7197229786342993e-02, 0., 0., 0. ]
boardWidth: 11
boardHeight: 7
squareSize: 2.4000000208616257e-02
calibrationError: 5.8696489425102272e-01
imageSize: [ 1100, 1100 ]
