%YAML:1.0
IntrinsicMat: !!opencv-matrix
   rows: 3
   cols: 3
   dt: d
   data: [ 6.6496041934886625e+002, 0., 5.3192192858936482e+002, 0.,
       6.6514979385923880e+002, 5.4679263378830478e+002, 0., 0., 1. ]
DistorsionVector: !!opencv-matrix
   rows: 1
   cols: 5
   dt: d
   data: [ -2.9122623110141749e-001, 9.0595676982461640e-002,
       -3.1159244943721332e-004, 7.4838423560758666e-004,
       -1.3296700456213480e-002 ]
boardWidth: 11
boardHeight: 7
squareSize: 1.
calibrationError: 2.8908122640079414e-001
imageSize: [ 1100, 1100 ]
