%YAML:1.0
---
IntrinsicMat: !!opencv-matrix
   rows: 3
   cols: 3
   dt: d
   data: [ 6.7313020957006825e+02, 0., 5.6288339867064190e+02, 0.,
       6.7313810548948436e+02, 5.6412019334907018e+02, 0., 0., 1. ]
DistorsionVector: !!opencv-matrix
   rows: 1
   cols: 5
   dt: d
   data: [ -2.6947479983611095e-01, 5.7208240775721356e-02, 0., 0., 0. ]
boardWidth: 11
boardHeight: 7
squareSize: 2.4000000208616257e-02
calibrationError: 5.8661849551080769e-01
imageSize: [ 1100, 1100 ]
