%YAML:1.0
---
IntrinsicMat: !!opencv-matrix
   rows: 3
   cols: 3
   dt: d
   data: [ 6.6884028766277675e+02, 0., 550., 0., 6.6912158358028069e+02,
       550., 0., 0., 1. ]
DistorsionVector: !!opencv-matrix
   rows: 1
   cols: 5
   dt: d
   data: [ -2.6669161096031813e-01, 5.5499267557864419e-02, 0., 0., 0. ]
boardWidth: 11
boardHeight: 7
squareSize: 2.4000000208616257e-02
calibrationError: 6.4786479671271924e-01
imageSize: [ 1100, 1100 ]
