%YAML:1.0
IntrinsicMat: !!opencv-matrix
   rows: 3
   cols: 3
   dt: d
   data: [ 6.6045214222729487e+002, 0., 5.5836274655252157e+002, 0.,
       6.6022093743986034e+002, 5.5450167750875403e+002, 0., 0., 1. ]
DistorsionVector: !!opencv-matrix
   rows: 1
   cols: 5
   dt: d
   data: [ -3.0642413460264972e-001, 1.1196569338898218e-001,
       1.8009383969715324e-004, 1.0304828039435165e-004,
       -2.0785897422291953e-002 ]
boardWidth: 11
boardHeight: 7
squareSize: 1.
calibrationError: 2.4826117178239801e-001
imageSize: [ 1100, 1100 ]
