%YAML:1.0
---
IntrinsicMat: !!opencv-matrix
   rows: 3
   cols: 3
   dt: d
   data: [ 6.7906508345989982e+02, 0., 550., 0., 6.8007876973591954e+02,
       550., 0., 0., 1. ]
DistorsionVector: !!opencv-matrix
   rows: 1
   cols: 5
   dt: d
   data: [ -2.7025785030445221e-01, 5.7381122226971205e-02, 0., 0., 0. ]
boardWidth: 11
boardHeight: 7
squareSize: 2.4000000208616257e-02
calibrationError: 5.4063401583821702e-01
imageSize: [ 1100, 1100 ]
