%YAML:1.0
IntrinsicMat: !!opencv-matrix
   rows: 3
   cols: 3
   dt: d
   data: [ 6.6756572356513061e+002, 0., 5.4451589649426910e+002, 0.,
       6.6699899546963320e+002, 5.3657470926578048e+002, 0., 0., 1. ]
DistorsionVector: !!opencv-matrix
   rows: 1
   cols: 5
   dt: d
   data: [ -2.9675370228993203e-001, 9.8170426919239551e-002,
       5.0408780147593950e-004, 2.0607468796758988e-005,
       -1.5680945864603349e-002 ]
boardWidth: 11
boardHeight: 7
squareSize: 1.
calibrationError: 2.8492458378503155e-001
imageSize: [ 1100, 1100 ]
