%YAML:1.0
IntrinsicMat: !!opencv-matrix
   rows: 3
   cols: 3
   dt: d
   data: [ 6.6062938823471166e+002, 0., 5.5825326468186006e+002, 0.,
       6.6036094164801500e+002, 5.5434670548252848e+002, 0., 0., 1. ]
DistorsionVector: !!opencv-matrix
   rows: 1
   cols: 5
   dt: d
   data: [ -3.0690760618697488e-001, 1.1247396143098200e-001,
       1.8191363483460214e-004, 1.0598881219742382e-004,
       -2.0941031607625227e-002 ]
boardWidth: 11
boardHeight: 7
squareSize: 1.
calibrationError: 2.4033789470780870e-001
imageSize: [ 1100, 1100 ]
