%YAML:1.0
---
R: !!opencv-matrix
   rows: 3
   cols: 3
   dt: d
   data: [ 9.9969164815672762e-01, 1.8174989749483153e-03,
       2.4765001578065982e-02, -2.3142382481270772e-03,
       9.9979641560608301e-01, 2.0044242129832083e-02,
       -2.4723529420704774e-02, -2.0095373564691241e-02,
       9.9949233266407755e-01 ]
T: [ -5.0642133317495591e-02, -8.9239424197267201e-05,
    -7.5195073589147104e-03 ]
E: !!opencv-matrix
   rows: 3
   cols: 3
   dt: d
   data: [ -1.5195618007445557e-05, 7.5197698041324333e-03,
       6.1528705942614896e-05, -8.7692409779624447e-03,
       -1.0313392840449141e-03, 5.0430203348979068e-02,
       2.0640986894642231e-04, -5.0631661176915477e-02,
       -1.0128731677060473e-03 ]
F: !!opencv-matrix
   rows: 3
   cols: 3
   dt: d
   data: [ 1.0236178802753149e-08, -5.0579697155607206e-06,
       2.7481079640719456e-03, 5.9047142645190326e-06,
       6.9341083748398005e-07, -2.6687890871098782e-02,
       -3.3462204804714812e-03, 2.5178543642859083e-02,
       9.9999999999999989e-01 ]
R1: !!opencv-matrix
   rows: 3
   cols: 3
   dt: d
   data: [ 9.8521360404505243e-01, 5.8901342676199618e-04,
       1.7132952888437480e-01, -2.3393317224100867e-03,
       9.9994711845309880e-01, 1.0014380881357539e-02,
       -1.7131457010905771e-01, -1.0267100882306921e-02,
       9.8516288232343652e-01 ]
R2: !!opencv-matrix
   rows: 3
   cols: 3
   dt: d
   data: [ 9.8915385819871826e-01, 1.7430450687127997e-03,
       1.4687275650874909e-01, -2.7320136404022661e-04,
       9.9994968927115291e-01, -1.0027177446293441e-02,
       -1.4688284505552218e-01, 9.8782954204257919e-03,
       9.8910456934946078e-01 ]
P1: !!opencv-matrix
   rows: 3
   cols: 4
   dt: d
   data: [ 5.6915408240760758e+02, 0., 2.7967487335205078e+02, 0., 0.,
       5.6915408240760758e+02, 5.4992887878417969e+02, 0., 0., 0., 1.,
       0. ]
P2: !!opencv-matrix
   rows: 3
   cols: 4
   dt: d
   data: [ 5.6915408240760758e+02, 0., 2.7967487335205078e+02,
       -2.9139225086753324e+01, 0., 5.6915408240760758e+02,
       5.4992887878417969e+02, 0., 0., 0., 1., 0. ]
Q: !!opencv-matrix
   rows: 4
   cols: 4
   dt: d
   data: [ 1., 0., 0., -2.7967487335205078e+02, 0., 1., 0.,
       -5.4992887878417969e+02, 0., 0., 0., 5.6915408240760758e+02, 0.,
       0., 1.9532231235151983e+01, 0. ]
boardWidth: 7
boardHeight: 11
squareSize: 2.4000000208616257e-02
imageSize: [ 1100, 1100 ]
