%YAML:1.0
IntrinsicMat: !!opencv-matrix
   rows: 3
   cols: 3
   dt: d
   data: [ 6.6252741480850159e+002, 0., 5.4303267342769846e+002, 0.,
       6.6326165564896348e+002, 5.4826144493347044e+002, 0., 0., 1. ]
DistorsionVector: !!opencv-matrix
   rows: 1
   cols: 5
   dt: d
   data: [ -2.9422087951618697e-001, 9.4370167326078544e-002,
       -2.3036514453752624e-004, 2.8873368986407423e-004,
       -1.4449147823308145e-002 ]
boardWidth: 11
boardHeight: 7
squareSize: 1.
calibrationError: 3.2915860267816477e-001
imageSize: [ 1100, 1100 ]
