%YAML:1.0
IntrinsicMat: !!opencv-matrix
   rows: 3
   cols: 3
   dt: d
   data: [ 6.5594084508781339e+002, 0., 5.5384375515186423e+002, 0.,
       6.5716017523390065e+002, 5.5869810033437477e+002, 0., 0., 1. ]
DistorsionVector: !!opencv-matrix
   rows: 1
   cols: 5
   dt: d
   data: [ -2.9843465599642155e-001, 9.8929705048274599e-002,
       -2.5242839743786318e-004, -1.6673385383020762e-004,
       -1.5588832428849970e-002 ]
boardWidth: 11
boardHeight: 7
squareSize: 1.
calibrationError: 3.5933825928619473e-001
imageSize: [ 1100, 1100 ]
