%YAML:1.0
IntrinsicMat: !!opencv-matrix
   rows: 3
   cols: 3
   dt: d
   data: [ 7.2600423032756942e+02, 0., 5.6307985265775312e+02, 0.,
       7.2358929396210897e+02, 5.5610353952476612e+02, 0., 0., 1. ]
DistorsionVector: !!opencv-matrix
   rows: 1
   cols: 5
   dt: d
   data: [ -2.7336405034449512e-01, 5.9640317440502300e-02, 0., 0., 0. ]
boardWidth: 11
boardHeight: 7
squareSize: 2.4000000208616257e-02
calibrationError: 7.1405569493079202e-01
imageSize: [ 1100, 1100 ]
