%YAML:1.0
IntrinsicMat: !!opencv-matrix
   rows: 3
   cols: 3
   dt: d
   data: [ 6.5613462753944407e+002, 0., 5.4524070640365130e+002, 0.,
       6.5707299425859094e+002, 5.5638332277151869e+002, 0., 0., 1. ]
DistorsionVector: !!opencv-matrix
   rows: 1
   cols: 5
   dt: d
   data: [ -2.9289963476630720e-001, 9.3365087921007298e-002,
       -2.4755613572085731e-004, 2.8385622830069099e-004,
       -1.4119225129719531e-002 ]
boardWidth: 11
boardHeight: 7
squareSize: 1.
calibrationError: 3.1033657537286458e-001
imageSize: [ 1100, 1100 ]
