%YAML:1.0
K: !!opencv-matrix
   rows: 3
   cols: 3
   dt: d
   data: [ 6.5989712027232986e+002, 0., 5.7081803174054471e+002, 0.,
       6.5994302948951417e+002, 5.5557309428445603e+002, 0., 0., 1. ]
D: !!opencv-matrix
   rows: 1
   cols: 5
   dt: d
   data: [ -3.0222865439901347e-001, 1.0382063718128018e-001,
       4.9043552078557114e-004, -6.8283944356207972e-004,
       -1.7531897749277294e-002 ]
board_width: 11
board_height: 7
square_size: 1.
