%YAML:1.0
K: !!opencv-matrix
   rows: 3
   cols: 3
   dt: d
   data: [ 7.5775861162925992e+002, 0., 5.8323660527020979e+002, 0.,
       7.5460650048200114e+002, 5.4635647611124205e+002, 0., 0., 1. ]
D: !!opencv-matrix
   rows: 1
   cols: 5
   dt: d
   data: [ -4.0743941165262065e-001, 2.9653181909636511e-001,
       2.4259989639436215e-003, -1.1481559931259850e-003,
       -1.1937425515434608e-001 ]
board_width: 11
board_height: 7
square_size: 2.
