%YAML:1.0
IntrinsicMat: !!opencv-matrix
   rows: 3
   cols: 3
   dt: d
   data: [ 8.0019591458854757e+002, 0., 5.4292819732218948e+002, 0.,
       8.0027448021731379e+002, 5.3871303552777476e+002, 0., 0., 1. ]
DistorsionVector: !!opencv-matrix
   rows: 1
   cols: 5
   dt: d
   data: [ -4.1454102529673403e-001, 2.7805697205904206e-001,
       4.0531038664777799e-003, 2.2404001076797653e-003,
       -9.9299126664545628e-002 ]
boardWidth: 11
boardHeight: 7
squareSize: 1.
calibrationError: 9.3612789036512356e-001
imageSize: [ 1100, 1100 ]
