%YAML:1.0
K: !!opencv-matrix
   rows: 3
   cols: 3
   dt: d
   data: [ 3.1224653813003596e+002, 0., 4.8302529524075482e+002, 0.,
       3.1176768820365862e+002, 2.9630559405354796e+002, 0., 0., 1. ]
D: !!opencv-matrix
   rows: 1
   cols: 5
   dt: d
   data: [ -4.0208950755523143e-001, 2.1752926028600467e-001,
       1.3370181630361879e-002, -1.2182905952734632e-002,
       -5.8013994414237845e-002 ]
board_width: 9
board_height: 6
square_size: 2.4229999631643295e-002
