%YAML:1.0
K: !!opencv-matrix
   rows: 3
   cols: 3
   dt: d
   data: [ 2.3990972226358312e+002, 0., 4.7977485428733326e+002, 0.,
       2.3875256013310931e+002, 2.8833264900474876e+002, 0., 0., 1. ]
D: !!opencv-matrix
   rows: 1
   cols: 5
   dt: d
   data: [ -2.7747346423615782e-001, 8.0034147631729349e-002,
       2.8482106578542879e-003, 6.8639904688027351e-005,
       -9.8471473461773582e-003 ]
board_width: 9
board_height: 6
square_size: 2.4229999631643295e-002
