%YAML:1.0
R: !!opencv-matrix
   rows: 3
   cols: 3
   dt: d
   data: [ 9.9987545802386291e-001, -1.2388105577706794e-003,
       1.5733206601718012e-002, 5.9034167702176296e-004,
       9.9915261921962928e-001, 4.1154525914639910e-002,
       -1.5770857246033217e-002, -4.1140112481085324e-002,
       9.9902891409947137e-001 ]
T: [ -2.5172261430085587e+000, 2.2182729245929369e-002,
    1.0397092750621056e-001 ]
E: !!opencv-matrix
   rows: 3
   cols: 3
   dt: d
   data: [ -4.1121902797048264e-004, -1.0479542451683949e-001,
       1.7882313679899911e-002, 6.4259164604067359e-002,
       -1.0368776694639659e-001, 2.5164174962756682e+000,
       -2.3665990067699663e-002, -2.5150656137559366e+000,
       -1.0394425399767097e-001 ]
F: !!opencv-matrix
   rows: 3
   cols: 3
   dt: d
   data: [ 3.5767889252425497e-009, 9.0943340448449043e-007,
       -6.1224791324259039e-004, -5.5887225143224799e-007,
       8.9973261588340675e-007, -1.7659931534152632e-002,
       4.6384784917268310e-004, 1.6486772096735772e-002, 1. ]
R1: !!opencv-matrix
   rows: 3
   cols: 3
   dt: d
   data: [ 9.9963054861862699e-001, -8.3370399462157942e-003,
       -2.5870060559611056e-002, 8.8686762788193398e-003,
       9.9975043458387658e-001, 2.0504027175448903e-002,
       2.5692661393562341e-002, -2.0725885126701864e-002,
       9.9945501391319791e-001 ]
R2: !!opencv-matrix
   rows: 3
   cols: 3
   dt: d
   data: [ 9.9910936166021769e-001, -8.8045218020402563e-003,
       -4.1266982428446598e-002, 7.9516644585701703e-003,
       9.9975233434741684e-001, -2.0785595955592224e-002,
       4.1439769247072732e-002, 2.0438942309430230e-002,
       9.9893192719124824e-001 ]
P1: !!opencv-matrix
   rows: 3
   cols: 4
   dt: d
   data: [ 4.6042684232167352e+002, 0., 5.7408729553222656e+002, 0., 0.,
       4.6042684232167352e+002, 5.4603752517700195e+002, 0., 0., 0., 1.,
       0. ]
P2: !!opencv-matrix
   rows: 3
   cols: 4
   dt: d
   data: [ 4.6042684232167352e+002, 0., 5.7408729553222656e+002,
       -1.1600316531006083e+003, 0., 4.6042684232167352e+002,
       5.4603752517700195e+002, 0., 0., 0., 1., 0. ]
Q: !!opencv-matrix
   rows: 4
   cols: 4
   dt: d
   data: [ 1., 0., 0., -5.7408729553222656e+002, 0., 1., 0.,
       -5.4603752517700195e+002, 0., 0., 0., 4.6042684232167352e+002, 0.,
       0., 3.9690886114272361e-001, 0. ]
boardWidth: 11
boardHeight: 7
squareSize: 1.
imageSize: [ 1100, 1100 ]
