%YAML:1.0
R: !!opencv-matrix
   rows: 3
   cols: 3
   dt: d
   data: [ 9.9922258455879098e-001, 3.0718426583446418e-003,
       -3.9303820302003425e-002, -1.7515172514369381e-003,
       9.9943438916058658e-001, 3.3583239130896496e-002,
       3.9384752061777939e-002, -3.3488289682923979e-002,
       9.9866279381938772e-001 ]
T: [ -2.0843941340651639e+000, -2.3348148422066714e-001,
    2.5882171362972781e+000 ]
E: !!opencv-matrix
   rows: 3
   cols: 3
   dt: d
   data: [ -4.6623034023575011e-003, -2.5789343170510519e+000,
       -3.2008998634786434e-001, 2.6682983624994998e+000,
       -6.1852198766625108e-002, 1.9798800481186660e+000,
       2.3695082439420670e-001, -2.0824979597661644e+000,
       -7.9177420947002475e-002 ]
F: !!opencv-matrix
   rows: 3
   cols: 3
   dt: d
   data: [ -5.4068571356284330e-008, -2.9852106207314399e-005,
       1.3949096479899838e-002, 3.1073422537346480e-005,
       -7.1895246702660813e-007, -1.3028745635377296e-003,
       -1.4863378009332504e-002, -4.6263674668921344e-004, 1. ]
R1: !!opencv-matrix
   rows: 3
   cols: 3
   dt: d
   data: [ 5.9447722860968855e-001, 9.7985669830444988e-002,
       -7.9812006187817575e-001, -8.4167677756968845e-002,
       9.9467806348498644e-001, 5.9425180208024321e-002,
       7.9969533366497958e-001, 3.1848995739836718e-002,
       5.9956068482249636e-001 ]
R2: !!opencv-matrix
   rows: 3
   cols: 3
   dt: d
   data: [ 6.2568523688469457e-001, 7.0085554058765695e-002,
       -7.7692084503945413e-001, -8.3382386602207481e-002,
       9.9625857396748019e-001, 2.2720726238458517e-002,
       7.7560644785165600e-001, 5.0565491281691285e-002,
       6.2918818261500864e-001 ]
P1: !!opencv-matrix
   rows: 3
   cols: 4
   dt: d
   data: [ -6.8019715784229660e+001, 0., -1.7966732640266418e+003, 0.,
       0., -6.8019715784229660e+001, 1.2949086050987244e+003, 0., 0., 0.,
       1., 0. ]
P2: !!opencv-matrix
   rows: 3
   cols: 4
   dt: d
   data: [ -6.8019715784229660e+001, 0., -1.7966732640266418e+003,
       2.2659939570790300e+002, 0., -6.8019715784229660e+001,
       1.2949086050987244e+003, 0., 0., 0., 1., 0. ]
Q: !!opencv-matrix
   rows: 4
   cols: 4
   dt: d
   data: [ 1., 0., 0., 1.7966732640266418e+003, 0., 1., 0.,
       -1.2949086050987244e+003, 0., 0., 0., -6.8019715784229660e+001,
       0., 0., 3.0017606874781866e-001, 0. ]
boardWidth: 11
boardHeight: 7
squareSize: 1.
imageSize: [ 1100, 1100 ]
