%YAML:1.0
R: !!opencv-matrix
   rows: 3
   cols: 3
   dt: d
   data: [ 9.9988570164187751e-001, 2.4382277433240727e-003,
       -1.4921082320056244e-002, -2.6818432089375285e-003,
       9.9986308027833060e-001, -1.6328760312139999e-002,
       1.4879226093210827e-002, 1.6366909964936185e-002,
       9.9975533651442283e-001 ]
T: [ -2.1696760454301711e+000, -1.7995781789364465e-002,
    -4.4379317523801592e-001 ]
E: !!opencv-matrix
   rows: 3
   cols: 3
   dt: d
   data: [ -1.4579470191529355e-003, 4.4343787585968841e-001,
       -2.5237971265291301e-002, -4.1145934997776118e-001,
       3.4428823656471194e-002, 2.1757670794271284e+000,
       2.3812455869084148e-002, -2.1693350961754962e+000,
       3.5159603559328165e-002 ]
F: !!opencv-matrix
   rows: 3
   cols: 3
   dt: d
   data: [ 8.5070478821623249e-008, -2.5841798212865002e-005,
       1.4732600329548012e-002, 2.4006776965707670e-005,
       -2.0062355281783103e-006, -9.7778748193020737e-002,
       -1.4302969801741405e-002, 9.9289922907324066e-002, 1. ]
R1: !!opencv-matrix
   rows: 3
   cols: 3
   dt: d
   data: [ 9.8253080732535703e-001, 1.3793017819383959e-002,
       1.8558816049526497e-001, -1.2306825161163685e-002,
       9.9988233240579183e-001, -9.1576960643106504e-003,
       -1.8569263504790551e-001, 6.7137174641101879e-003,
       9.8258494354777159e-001 ]
R2: !!opencv-matrix
   rows: 3
   cols: 3
   dt: d
   data: [ 9.7968295996561006e-001, 8.1257111205300901e-003,
       2.0038780095556355e-001, -9.7308349314861042e-003,
       9.9992796759466429e-001, 7.0264125654747010e-003,
       -2.0031627194154006e-001, -8.8335972734658805e-003,
       9.7969146099915205e-001 ]
P1: !!opencv-matrix
   rows: 3
   cols: 4
   dt: d
   data: [ 7.0598935885322192e+002, 0., 4.5126296043395996e+002, 0., 0.,
       7.0598935885322192e+002, 4.8610425263643265e+002, 0., 0., 0., 1.,
       0. ]
P2: !!opencv-matrix
   rows: 3
   cols: 4
   dt: d
   data: [ 7.0598935885322192e+002, 0., 4.5126296043395996e+002,
       -1.5635345951982370e+003, 0., 7.0598935885322192e+002,
       4.8610425263643265e+002, 0., 0., 0., 1., 0. ]
Q: !!opencv-matrix
   rows: 4
   cols: 4
   dt: d
   data: [ 1., 0., 0., -4.5126296043395996e+002, 0., 1., 0.,
       -4.8610425263643265e+002, 0., 0., 0., 7.0598935885322192e+002, 0.,
       0., 4.5153421038548314e-001, 0. ]
boardWidth: 11
boardHeight: 7
squareSize: 1.
imageSize: [ 1100, 1100 ]
