%YAML:1.0
K1: !!opencv-matrix
   rows: 3
   cols: 3
   dt: d
   data: [ 3.1224653813003596e+002, 0., 4.8302529524075482e+002, 0.,
       3.1176768820365862e+002, 2.9630559405354796e+002, 0., 0., 1. ]
K2: !!opencv-matrix
   rows: 3
   cols: 3
   dt: d
   data: [ 2.3990972226358312e+002, 0., 4.7977485428733326e+002, 0.,
       2.3875256013310931e+002, 2.8833264900474876e+002, 0., 0., 1. ]
D1: !!opencv-matrix
   rows: 1
   cols: 5
   dt: d
   data: [ -4.0208950755523143e-001, 2.1752926028600467e-001,
       1.3370181630361879e-002, -1.2182905952734632e-002,
       -5.8013994414237845e-002 ]
D2: !!opencv-matrix
   rows: 1
   cols: 5
   dt: d
   data: [ -2.7747346423615782e-001, 8.0034147631729349e-002,
       2.8482106578542879e-003, 6.8639904688027351e-005,
       -9.8471473461773582e-003 ]
R: !!opencv-matrix
   rows: 3
   cols: 3
   dt: d
   data: [ 9.9800112149706277e-001, -3.5551048771373665e-003,
       6.3096138708461730e-002, 4.4763595762734847e-003,
       9.9988534978125587e-001, -1.4465458781506900e-002,
       -6.3037478499292726e-002, 1.4718985091646928e-002,
       9.9790261437793770e-001 ]
T: [ -1.1969711779364159e-001, 4.5095569867717820e-003,
    -7.1524991749669115e-002 ]
E: !!opencv-matrix
   rows: 3
   cols: 3
   dt: d
   data: [ 3.5900480166551816e-005, 7.1583167495777575e-002,
       3.4654568867833972e-003, -7.8927426470581930e-002,
       2.0160989393241753e-003, 1.1493311597922021e-001,
       -5.0363502697410569e-003, -1.1966736254486611e-001,
       1.4469380905580336e-003 ]
F: !!opencv-matrix
   rows: 3
   cols: 3
   dt: d
   data: [ -1.5102608128226690e-008, -3.0159847245287234e-005,
       8.4886184562074189e-003, 3.3364102717132381e-005,
       -8.5355179075168732e-007, -3.1033098676328235e-002,
       -9.1044196951339199e-003, 2.6812043585964434e-002, 1. ]
R1: !!opencv-matrix
   rows: 3
   cols: 3
   dt: d
   data: [ 8.2379313063949777e-001, -2.7824160167095074e-002,
       5.6620728891649841e-001, 3.2017723614006288e-002,
       9.9948409325523069e-001, 2.5323318002647118e-003,
       -5.6598563876281560e-001, 1.6042550943206231e-002,
       8.2425899647712808e-001 ]
R2: !!opencv-matrix
   rows: 3
   cols: 3
   dt: d
   data: [ 8.5797087970652430e-001, -3.2323824051449422e-002,
       5.1268034873037960e-001, 2.8560233658533777e-002,
       9.9947619368773988e-001, 1.5220095428004080e-002,
       -5.1290377521420383e-001, 1.5838718882963173e-003,
       8.5844464511164542e-001 ]
P1: !!opencv-matrix
   rows: 3
   cols: 4
   dt: d
   data: [ -3.2119422783487619e+000, 0., 5.6528617572784424e+002, 0., 0.,
       -3.2119422783487619e+000, 3.0090395880490541e+002, 0., 0., 0., 1.,
       0. ]
P2: !!opencv-matrix
   rows: 3
   cols: 4
   dt: d
   data: [ -3.2119422783487619e+000, 0., 5.6528617572784424e+002,
       4.4810405846104800e-001, 0., -3.2119422783487619e+000,
       3.0090395880490541e+002, 0., 0., 0., 1., 0. ]
Q: !!opencv-matrix
   rows: 4
   cols: 4
   dt: d
   data: [ 1., 0., 0., -5.6528617572784424e+002, 0., 1., 0.,
       -3.0090395880490541e+002, 0., 0., 0., -3.2119422783487619e+000,
       0., 0., 7.1678491138414078e+000, 0. ]
