%YAML:1.0
K1: !!opencv-matrix
   rows: 3
   cols: 3
   dt: d
   data: [ 6.5965823910944437e+002, 0., 5.4408247416854135e+002, 0.,
       6.6088920270030439e+002, 5.4831568050435010e+002, 0., 0., 1. ]
K2: !!opencv-matrix
   rows: 3
   cols: 3
   dt: d
   data: [ 7.5775861162925992e+002, 0., 5.8323660527020979e+002, 0.,
       7.5460650048200114e+002, 5.4635647611124205e+002, 0., 0., 1. ]
D1: !!opencv-matrix
   rows: 1
   cols: 5
   dt: d
   data: [ -3.0139476026358181e-001, 1.0532068521790611e-001,
       1.4210633822775280e-004, 1.3998689558478923e-004,
       -1.8231167071893546e-002 ]
D2: !!opencv-matrix
   rows: 1
   cols: 5
   dt: d
   data: [ -4.0743941165262065e-001, 2.9653181909636511e-001,
       2.4259989639436215e-003, -1.1481559931259850e-003,
       -1.1937425515434608e-001 ]
R: !!opencv-matrix
   rows: 3
   cols: 3
   dt: d
   data: [ 9.9966237112365897e-001, 4.0072471675452175e-003,
       -2.5672665026484486e-002, -3.0505236382017140e-003,
       9.9930327372305583e-001, 3.7197599813914219e-002,
       2.5803838182655144e-002, -3.7106725758567528e-002,
       9.9897810428383349e-001 ]
T: [ -4.6603015480932823e+000, -6.1811218164217241e-001,
    5.1750433695164029e+000 ]
E: !!opencv-matrix
   rows: 3
   cols: 3
   dt: d
   data: [ -1.6307458639372788e-004, -5.1485016616043087e+000,
       -8.0997972773056337e-001, 5.2935497924679131e+000,
       -1.5219085361290685e-001, 4.5226820509821168e+000,
       6.3211984915443842e-001, -4.6545776652571309e+000,
       -1.8922061898622783e-001 ]
F: !!opencv-matrix
   rows: 3
   cols: 3
   dt: d
   data: [ -1.1571296194143512e-009, -3.6464219032200141e-005,
       1.6203226409128239e-002, 3.7718382982770220e-005,
       -1.0823929398769541e-006, 1.3295187087906954e-003,
       -1.7208204615034049e-002, -3.1216356381293118e-003, 1. ]
R1: !!opencv-matrix
   rows: 3
   cols: 3
   dt: d
   data: [ 6.4696911669986590e-001, 1.1848407332056642e-001,
       -7.5325459600719447e-001, -1.0441947949200552e-001,
       9.9231416955460561e-001, 6.6401515071359149e-002,
       7.5533273088038089e-001, 3.5694723286782110e-002,
       6.5436866702973040e-001 ]
R2: !!opencv-matrix
   rows: 3
   cols: 3
   dt: d
   data: [ 6.6656352913413230e-001, 8.8408664749338894e-002,
       -7.4018711798131809e-001, -1.0211248016889202e-001,
       9.9441130927283394e-001, 2.6817706539629827e-002,
       7.3842135872549652e-001, 5.7706637291797556e-002,
       6.7186593974576836e-001 ]
P1: !!opencv-matrix
   rows: 3
   cols: 4
   dt: d
   data: [ -9.2351255431393284e+001, 0., -2.7015244548320770e+003, 0.,
       0., -9.2351255431393284e+001, -3.0235224866867065e+002, 0., 0.,
       0., 1., 0. ]
P2: !!opencv-matrix
   rows: 3
   cols: 4
   dt: d
   data: [ -9.2351255431393284e+001, 0., -2.7015244548320770e+003,
       6.4567693827226242e+002, 0., -9.2351255431393284e+001,
       -3.0235224866867065e+002, 0., 0., 0., 1., 0. ]
Q: !!opencv-matrix
   rows: 4
   cols: 4
   dt: d
   data: [ 1., 0., 0., 2.7015244548320770e+003, 0., 1., 0.,
       3.0235224866867065e+002, 0., 0., 0., -9.2351255431393284e+001, 0.,
       0., 1.4303012847030253e-001, 0. ]
