%YAML:1.0
---
IntrinsicMat: !!opencv-matrix
   rows: 3
   cols: 3
   dt: d
   data: [ 6.7688366916204700e+02, 0., 5.5881234456136337e+02, 0.,
       6.7840095248233388e+02, 5.5086402523793845e+02, 0., 0., 1. ]
DistorsionVector: !!opencv-matrix
   rows: 1
   cols: 5
   dt: d
   data: [ -2.7162838992833704e-01, 5.8125435827486291e-02, 0., 0., 0. ]
boardWidth: 11
boardHeight: 7
squareSize: 2.4000000208616257e-02
calibrationError: 5.2946191045912594e-01
imageSize: [ 1100, 1100 ]
