%YAML:1.0
---
IntrinsicMat: !!opencv-matrix
   rows: 3
   cols: 3
   dt: d
   data: [ 7.3208112195743524e+02, 0., 5.5153400977418278e+02, 0.,
       7.3098685844103670e+02, 5.4174790790391728e+02, 0., 0., 1. ]
DistorsionVector: !!opencv-matrix
   rows: 1
   cols: 5
   dt: d
   data: [ -2.7513160906978362e-01, 6.0545221528845186e-02, 0., 0., 0. ]
boardWidth: 11
boardHeight: 7
squareSize: 2.4000000208616257e-02
calibrationError: 7.1704281701688433e-01
imageSize: [ 1100, 1100 ]
