%YAML:1.0
---
R: !!opencv-matrix
   rows: 3
   cols: 3
   dt: d
   data: [ 9.9983560442005825e-01, 2.7534216207464280e-03,
       1.7921573685234032e-02, -2.7632085247002169e-03,
       9.9999604642516216e-01, 5.2135659001914156e-04,
       -1.7920067316444181e-02, -5.7079192648324274e-04,
       9.9983925977326515e-01 ]
T: [ -5.0300706333897618e-02, -4.8029403109606613e-04,
    -3.9231086097794715e-03 ]
E: !!opencv-matrix
   rows: 3
   cols: 3
   dt: d
   data: [ -2.2334657849396122e-06, 3.9233672474312730e-03,
       -4.7817148999753896e-04, -4.8238557116325274e-03,
       -3.9513209138496532e-05, 5.0222312706931241e-02,
       6.1920641342054961e-04, -5.0299185014321193e-02,
       -1.7616979860928862e-05 ]
F: !!opencv-matrix
   rows: 3
   cols: 3
   dt: d
   data: [ 2.3609281596549959e-09, -4.1379955363759538e-06,
       2.6202914600860416e-03, 5.0990900662050364e-06,
       4.1674295269816838e-08, -3.8806685464447987e-02,
       -3.3184220103324221e-03, 3.8015801275064251e-02, 1. ]
R1: !!opencv-matrix
   rows: 3
   cols: 3
   dt: d
   data: [ 9.9534363160197126e-01, 1.2219656401532268e-02,
       9.5612420881534599e-02, -1.2292134804388065e-02,
       9.9992443456377600e-01, 1.6906881266871864e-04,
       -9.5603129924443225e-02, -1.3435623324420303e-03,
       9.9541862369000778e-01 ]
R2: !!opencv-matrix
   rows: 3
   cols: 3
   dt: d
   data: [ 9.9692717242059870e-01, 9.5191142480720390e-03,
       7.7753452356805128e-02, -9.5338704953337322e-03,
       9.9995453516450972e-01, -1.8143127467542175e-04,
       -7.7751644373916726e-02, -5.6041757768405121e-04,
       9.9697260129318044e-01 ]
P1: !!opencv-matrix
   rows: 3
   cols: 4
   dt: d
   data: [ 5.6847440655398566e+02, 0., 4.2229460906982422e+02, 0., 0.,
       5.6847440655398566e+02, 5.5904563140869141e+02, 0., 0., 0., 1.,
       0. ]
P2: !!opencv-matrix
   rows: 3
   cols: 4
   dt: d
   data: [ 5.6847440655398566e+02, 0., 4.2229460906982422e+02,
       -2.8682801485869025e+01, 0., 5.6847440655398566e+02,
       5.5904563140869141e+02, 0., 0., 0., 1., 0. ]
Q: !!opencv-matrix
   rows: 4
   cols: 4
   dt: d
   data: [ 1., 0., 0., -4.2229460906982422e+02, 0., 1., 0.,
       -5.5904563140869141e+02, 0., 0., 0., 5.6847440655398566e+02, 0.,
       0., 1.9819347382578801e+01, 0. ]
boardWidth: 7
boardHeight: 11
squareSize: 2.4000000208616257e-02
imageSize: [ 1100, 1100 ]
