%YAML:1.0
R: !!opencv-matrix
   rows: 3
   cols: 3
   dt: d
   data: [ 9.9988053397824050e-001, 9.8747817066577800e-003,
       -1.1891444724448410e-002, -9.7331176139740863e-003,
       9.9988167081954615e-001, 1.1912631137797936e-002,
       1.2007672251577424e-002, -1.1795467153044106e-002,
       9.9985833134586632e-001 ]
T: [ -2.2115854749662840e+000, 6.6103960602931416e-002,
    -2.0793554922875390e-001 ]
E: !!opencv-matrix
   rows: 3
   cols: 3
   dt: d
   data: [ -1.2301064633185735e-003, 2.0713121728964842e-001,
       6.8571655242197452e-002, -1.8135471445616083e-001,
       -2.8140001983802187e-002, 2.2137448167184455e+000,
       -4.4570441884532054e-002, -2.2119765420504272e+000,
       -2.5559730399408117e-002 ]
F: !!opencv-matrix
   rows: 3
   cols: 3
   dt: d
   data: [ 2.4800329974740988e-008, -4.1699336083103432e-006,
       1.3365417836045061e-003, 3.6537346123230652e-006,
       5.6611035288651637e-007, -3.2218225196124300e-002,
       -1.4605850818680199e-003, 3.1654187165238552e-002, 1. ]
R1: !!opencv-matrix
   rows: 3
   cols: 3
   dt: d
   data: [ 9.9646270847525897e-001, -2.1018511932460085e-002,
       8.1365181584606497e-002, 2.0524631517603281e-002,
       9.9976552589905709e-001, 6.9016465316920628e-003,
       -8.1491165896786399e-002, -5.2072430255218497e-003,
       9.9666046099002825e-001 ]
R2: !!opencv-matrix
   rows: 3
   cols: 3
   dt: d
   data: [ 9.9516856226320638e-001, -2.9745440173017054e-002,
       9.3566775470228791e-002, 3.0312575299379970e-002,
       9.9952967258056291e-001, -4.6455795884195539e-003,
       -9.3384583640460511e-002, 7.4593846868482470e-003,
       9.9560216809646995e-001 ]
P1: !!opencv-matrix
   rows: 3
   cols: 4
   dt: d
   data: [ 6.4921649907502729e+002, 0., 5.4943907135725021e+002, 0., 0.,
       6.4921649907502729e+002, 5.8611320835351944e+002, 0., 0., 0., 1.,
       0. ]
P2: !!opencv-matrix
   rows: 3
   cols: 4
   dt: d
   data: [ 6.4921649907502729e+002, 0., 5.4943907135725021e+002,
       -1.4427684252781355e+003, 0., 6.4921649907502729e+002,
       5.8611320835351944e+002, 0., 0., 0., 1., 0. ]
Q: !!opencv-matrix
   rows: 4
   cols: 4
   dt: d
   data: [ 1., 0., 0., -5.4943907135725021e+002, 0., 1., 0.,
       -5.8611320835351944e+002, 0., 0., 0., 6.4921649907502729e+002, 0.,
       0., 4.4997969715747838e-001, 0. ]
boardWidth: 7
boardHeight: 11
squareSize: 1.
imageSize: [ 1100, 1100 ]
