%YAML:1.0
---
R: !!opencv-matrix
   rows: 3
   cols: 3
   dt: d
   data: [ 9.9982589615564377e-01, 6.8627073532508869e-03,
       -1.7351674972394138e-02, -6.8771750865390729e-03,
       9.9997605220407515e-01, -7.7426170118284610e-04,
       1.7345945906552900e-02, 8.9345740607399578e-04,
       9.9984914856915819e-01 ]
T: [ -3.2541879786346861e+00, 5.6513148491721156e-02,
    -4.3926920630273497e-01 ]
E: !!opencv-matrix
   rows: 3
   cols: 3
   dt: d
   data: [ -2.0406572251225746e-03, 4.3930917886448689e-01,
       5.6164514079460610e-02, -3.8274575919805837e-01,
       -1.0709766188233367e-04, 3.2613191362150276e+00,
       -3.4123688841730664e-02, -3.2544978812047822e+00,
       3.5001909046014508e-03 ]
F: !!opencv-matrix
   rows: 3
   cols: 3
   dt: d
   data: [ 7.1535912882859183e-08, -1.5376182527315629e-05,
       7.0700303597564023e-03, 1.3401495595993502e-05,
       3.7440966923724688e-09, -8.2728696363699533e-02,
       -6.7552394312870231e-03, 8.3311962242798507e-02, 1. ]
R1: !!opencv-matrix
   rows: 3
   cols: 3
   dt: d
   data: [ 9.9313122151538291e-01, -1.0287714168173612e-02,
       1.1655273393857980e-01, 1.0419590809069261e-02,
       9.9994557822377605e-01, -5.2222417569534115e-04,
       -1.1654101843872385e-01, 1.7330689288314769e-03,
       9.9318436732227777e-01 ]
R2: !!opencv-matrix
   rows: 3
   cols: 3
   dt: d
   data: [ 9.9086532682365069e-01, -1.7207647412420413e-02,
       1.3375276060399549e-01, 1.7289172054938923e-02,
       9.9985037871898730e-01, 5.5200104364625110e-04,
       -1.3374224698394530e-01, 1.7655157963859733e-03,
       9.9101457826091455e-01 ]
P1: !!opencv-matrix
   rows: 3
   cols: 4
   dt: d
   data: [ 1.4326087157485092e+03, 0., 3.7943916416168213e+02, 0., 0.,
       1.4326087157485092e+03, 5.4794545873999596e+02, 0., 0., 0., 1.,
       0. ]
P2: !!opencv-matrix
   rows: 3
   cols: 4
   dt: d
   data: [ 1.4326087157485092e+03, 0., 3.7943916416168213e+02,
       -4.7049562989762280e+03, 0., 1.4326087157485092e+03,
       5.4794545873999596e+02, 0., 0., 0., 1., 0. ]
Q: !!opencv-matrix
   rows: 4
   cols: 4
   dt: d
   data: [ 1., 0., 0., -3.7943916416168213e+02, 0., 1., 0.,
       -5.4794545873999596e+02, 0., 0., 0., 1.4326087157485092e+03, 0.,
       0., 3.0448927146469706e-01, 0. ]
boardWidth: 7
boardHeight: 11
squareSize: 2.4000000953674316e+00
imageSize: [ 1100, 1100 ]
