%YAML:1.0
---
IntrinsicMat: !!opencv-matrix
   rows: 3
   cols: 3
   dt: d
   data: [ 6.6022675885707940e+02, 0., 5.4702220642046484e+02, 0.,
       6.6128335523628482e+02, 5.4687999774611478e+02, 0., 0., 1. ]
DistorsionVector: !!opencv-matrix
   rows: 1
   cols: 5
   dt: d
   data: [ -3.1690864138944280e-01, 1.3170052616145050e-01,
       2.1551856367609275e-04, -3.9278654675512176e-04,
       -2.9588259388635709e-02 ]
boardWidth: 11
boardHeight: 7
squareSize: 2.4000000953674316e+00
calibrationError: 2.5228458924470115e-01
imageSize: [ 1100, 1100 ]
