%YAML:1.0
IntrinsicMat: !!opencv-matrix
   rows: 3
   cols: 3
   dt: d
   data: [ 6.7037435975493372e+002, 0., 5.5021761566917451e+002, 0.,
       6.7134934748183423e+002, 5.4604410086385064e+002, 0., 0., 1. ]
DistorsionVector: !!opencv-matrix
   rows: 1
   cols: 5
   dt: d
   data: [ -2.8917564594028733e-001, 8.9037858679434798e-002,
       5.3614214799359717e-004, -3.5581572349341155e-004,
       -1.2716645399884364e-002 ]
boardWidth: 11
boardHeight: 7
squareSize: 1.
calibrationError: 3.1799760209823674e-001
imageSize: [ 1100, 1100 ]
