%YAML:1.0
---
R: !!opencv-matrix
   rows: 3
   cols: 3
   dt: d
   data: [ 9.9997756759384149e-01, -9.7871752192222727e-04,
       6.6261920524973627e-03, 9.9965578966702655e-04,
       9.9999451589818711e-01, -3.1573504481781029e-03,
       -6.6230655595790376e-03, 3.1639035324591818e-03,
       9.9997306199568736e-01 ]
T: [ -4.8969531683979044e-02, 4.8758321018242592e-04,
    -3.3862990938298017e-03 ]
E: !!opencv-matrix
   rows: 3
   cols: 3
   dt: d
   data: [ 1.5583792790295438e-07, 3.3878231892618660e-03,
       4.7687834270223863e-04, -3.7105515497580306e-03,
       1.5824910453541370e-04, 4.8945774274380432e-02,
       -5.3652494838299163e-04, -4.8968785923850365e-02,
       1.5138315281724109e-04 ]
F: !!opencv-matrix
   rows: 3
   cols: 3
   dt: d
   data: [ -2.3457112625929841e-10, -5.1070694412574770e-06,
       2.2413790343487642e-03, 5.6038548318688525e-06,
       -2.3935323775787852e-07, -5.7076689747286607e-02,
       -2.5298771595464948e-03, 5.6601971562491929e-02, 1. ]
R1: !!opencv-matrix
   rows: 3
   cols: 3
   dt: d
   data: [ 9.9707920203857769e-01, -1.0690685371185253e-02,
       7.5622576710975400e-02, 1.0838551031006591e-02,
       9.9994006734636931e-01, -1.5451624143302718e-03,
       -7.5601525604059736e-02, 2.3602884638785526e-03,
       9.9713531597507166e-01 ]
R2: !!opencv-matrix
   rows: 3
   cols: 3
   dt: d
   data: [ 9.9756838803083081e-01, -9.9326577217749880e-03,
       6.8982994369277018e-02, 9.8494104885346219e-03,
       9.9995029701276439e-01, 1.5468086865352186e-03,
       -6.8994929629632828e-02, -8.6360561974773732e-04,
       9.9761663672511769e-01 ]
P1: !!opencv-matrix
   rows: 3
   cols: 4
   dt: d
   data: [ 6.3097416312903192e+02, 0., 4.4351714324951172e+02, 0., 0.,
       6.3097416312903192e+02, 5.4860659027099609e+02, 0., 0., 0., 1.,
       0. ]
P2: !!opencv-matrix
   rows: 3
   cols: 4
   dt: d
   data: [ 6.3097416312903192e+02, 0., 4.4351714324951172e+02,
       -3.0973825598174766e+01, 0., 6.3097416312903192e+02,
       5.4860659027099609e+02, 0., 0., 0., 1., 0. ]
Q: !!opencv-matrix
   rows: 4
   cols: 4
   dt: d
   data: [ 1., 0., 0., -4.4351714324951172e+02, 0., 1., 0.,
       -5.4860659027099609e+02, 0., 0., 0., 6.3097416312903192e+02, 0.,
       0., 2.0371205394990476e+01, 0. ]
boardWidth: 7
boardHeight: 11
squareSize: 2.4000000208616257e-02
imageSize: [ 1100, 1100 ]
