%YAML:1.0
---
R: !!opencv-matrix
   rows: 3
   cols: 3
   dt: d
   data: [ 9.9928724671018798e-01, 7.3556249534205236e-04,
       -3.7741986039255743e-02, -6.9194294477850518e-04,
       9.9999907758438489e-01, 1.1687794233612759e-03,
       3.7742810935767632e-02, -1.1418310710204201e-03,
       9.9928683391930684e-01 ]
T: [ -3.0086224147560139e+00, -1.6434497961630882e-02,
    -4.6103206602776664e-01 ]
E: !!opencv-matrix
   rows: 3
   cols: 3
   dt: d
   data: [ -9.3929203479466389e-04, 4.6105040618499910e-01,
       -1.5883932642848438e-02, -3.4714959692874764e-01,
       -3.7744564510569876e-03, 3.0238770330998661e+00,
       1.8504579272535217e-02, -3.0086075509553880e+00,
       -4.1366865636603932e-03 ]
F: !!opencv-matrix
   rows: 3
   cols: 3
   dt: d
   data: [ 1.1037592808290220e-07, -5.4091331055083630e-05,
       3.0753412868184931e-02, 4.0743201211146370e-05,
       4.4228115294348783e-07, -2.5684195852770419e-01,
       -2.4292112775425666e-02, 2.6140892585419828e-01, 1. ]
R1: !!opencv-matrix
   rows: 3
   cols: 3
   dt: d
   data: [ 9.9345614007684102e-01, 5.9534722592331007e-03,
       1.1405899312058829e-01, -6.0716914736189884e-03,
       9.9998132967752651e-01, 6.8910014881250518e-04,
       -1.1405276106378598e-01, -1.3771217899854913e-03,
       9.9347373957709750e-01 ]
R2: !!opencv-matrix
   rows: 3
   cols: 3
   dt: d
   data: [ 9.8844761716961949e-01, 5.3993616047929311e-03,
       1.5146667952378742e-01, -5.3578231015895253e-03,
       9.9998541394928586e-01, -6.8236375005502380e-04,
       -1.5146815455175097e-01, -1.3705085188879128e-04,
       9.8846212844688741e-01 ]
P1: !!opencv-matrix
   rows: 3
   cols: 4
   dt: d
   data: [ 5.2545616546141889e+02, 0., 4.0612166500091553e+02, 0., 0.,
       5.2545616546141889e+02, 6.1980097579956055e+02, 0., 0., 0., 1.,
       0. ]
P2: !!opencv-matrix
   rows: 3
   cols: 4
   dt: d
   data: [ 5.2545616546141889e+02, 0., 4.0612166500091553e+02,
       -1.5993757988974789e+03, 0., 5.2545616546141889e+02,
       6.1980097579956055e+02, 0., 0., 0., 1., 0. ]
Q: !!opencv-matrix
   rows: 4
   cols: 4
   dt: d
   data: [ 1., 0., 0., -4.0612166500091553e+02, 0., 1., 0.,
       -6.1980097579956055e+02, 0., 0., 0., 5.2545616546141889e+02, 0.,
       0., 3.2853827463416624e-01, 0. ]
boardWidth: 7
boardHeight: 11
squareSize: 2.4000000953674316e+00
imageSize: [ 1100, 1100 ]
