%YAML:1.0
---
IntrinsicMat: !!opencv-matrix
   rows: 3
   cols: 3
   dt: d
   data: [ 6.6025567195542828e+02, 0., 5.4700210286381298e+02, 0.,
       6.6128390852413429e+02, 5.4689226737633714e+02, 0., 0., 1. ]
DistorsionVector: !!opencv-matrix
   rows: 1
   cols: 5
   dt: d
   data: [ -3.1623766743948573e-01, 1.3073448131019502e-01,
       2.2127681054635363e-04, -3.5142924576000474e-04,
       -2.9224647298778234e-02 ]
boardWidth: 11
boardHeight: 7
squareSize: 2.4000000953674316e+00
calibrationError: 2.3374191193669625e-01
imageSize: [ 1100, 1100 ]
