%YAML:1.0
---
IntrinsicMat: !!opencv-matrix
   rows: 3
   cols: 3
   dt: d
   data: [ 6.7686265758651712e+02, 0., 5.5881875738965653e+02, 0.,
       6.7838254010726428e+02, 5.5086830768955429e+02, 0., 0., 1. ]
DistorsionVector: !!opencv-matrix
   rows: 1
   cols: 5
   dt: d
   data: [ -2.7162623764585964e-01, 5.8125664605117276e-02, 0., 0., 0. ]
boardWidth: 11
boardHeight: 7
squareSize: 2.4000000208616257e-02
calibrationError: 5.2978487936710750e-01
imageSize: [ 1100, 1100 ]
