%YAML:1.0
IntrinsicMat: !!opencv-matrix
   rows: 3
   cols: 3
   dt: d
   data: [ 6.6477866200352094e+002, 0., 5.6775323643641696e+002, 0.,
       6.6524815761592367e+002, 5.5939154059902830e+002, 0., 0., 1. ]
DistorsionVector: !!opencv-matrix
   rows: 1
   cols: 5
   dt: d
   data: [ -2.9554331581307108e-001, 9.7007788594543093e-002,
       5.2188056305103490e-004, -7.3547403492805737e-004,
       -1.5259641824650415e-002 ]
boardWidth: 11
boardHeight: 7
squareSize: 1.
calibrationError: 2.8935170425016565e-001
imageSize: [ 1100, 1100 ]
