%YAML:1.0
---
R: !!opencv-matrix
   rows: 3
   cols: 3
   dt: d
   data: [ 9.9983509066783260e-01, 2.7435785402260401e-03,
       1.7951719863028279e-02, -2.7534959527209272e-03,
       9.9999606985938949e-01, 5.2775544838754203e-04,
       -1.7950201371722332e-02, -5.7709840457621623e-04,
       9.9983871560774551e-01 ]
T: [ -5.0304888631968435e-02, -4.7971807196093278e-04,
    -3.9320858329451253e-03 ]
E: !!opencv-matrix
   rows: 3
   cols: 3
   dt: d
   data: [ -2.2159464334125690e-06, 3.9323472238288843e-03,
       -4.7756552120137877e-04, -4.8344202762222888e-03,
       -3.9818857281488301e-05, 5.0226187535227583e-02,
       6.1815326922425918e-04, -5.0303374782475124e-02,
       -1.7936914614975159e-05 ]
F: !!opencv-matrix
   rows: 3
   cols: 3
   dt: d
   data: [ 2.3402668115437526e-09, -4.1436576595153260e-06,
       2.6226831246429425e-03, 5.1055394045667217e-06,
       4.1957723368301432e-08, -3.8778957793576450e-02,
       -3.3208560134460482e-03, 3.7986622945024300e-02, 1. ]
R1: !!opencv-matrix
   rows: 3
   cols: 3
   dt: d
   data: [ 9.9532465804116510e-01, 1.2196887602619614e-02,
       9.5812635012541572e-02, -1.2269838559235503e-02,
       9.9992470786161636e-01, 1.7224863212277758e-04,
       -9.5803320177161602e-02, -1.3470488744045186e-03,
       9.9539937176108451e-01 ]
R2: !!opencv-matrix
   rows: 3
   cols: 3
   dt: d
   data: [ 9.9691398441868451e-01, 9.5067828897310303e-03,
       7.7923865083491750e-02, -9.5213510188335189e-03,
       9.9995465387288207e-01, -1.8458802955934891e-04,
       -7.7922086376321226e-02, -5.5792208418016173e-04,
       9.9695929564737429e-01 ]
P1: !!opencv-matrix
   rows: 3
   cols: 4
   dt: d
   data: [ 4.8438931064962799e+02, 0., 4.2198508453369141e+02, 0., 0.,
       4.8438931064962799e+02, 5.5904704284667969e+02, 0., 0., 0., 1.,
       0. ]
P2: !!opencv-matrix
   rows: 3
   cols: 4
   dt: d
   data: [ 4.8438931064962799e+02, 0., 4.2198508453369141e+02,
       -2.4442580511050153e+01, 0., 4.8438931064962799e+02,
       5.5904704284667969e+02, 0., 0., 0., 1., 0. ]
Q: !!opencv-matrix
   rows: 4
   cols: 4
   dt: d
   data: [ 1., 0., 0., -4.2198508453369141e+02, 0., 1., 0.,
       -5.5904704284667969e+02, 0., 0., 0., 4.8438931064962799e+02, 0.,
       0., 1.9817437460444992e+01, 0. ]
boardWidth: 7
boardHeight: 11
squareSize: 2.4000000208616257e-02
imageSize: [ 1100, 1100 ]
