%YAML:1.0
---
IntrinsicMat: !!opencv-matrix
   rows: 3
   cols: 3
   dt: d
   data: [ 6.5659141191920457e+02, 0., 5.5421188114884046e+02, 0.,
       6.5736470117387080e+02, 5.5971508942585456e+02, 0., 0., 1. ]
DistorsionVector: !!opencv-matrix
   rows: 1
   cols: 5
   dt: d
   data: [ -3.2034146397288843e-01, 1.3774397937595195e-01,
       5.8918074497036222e-04, -5.7282802004106348e-04,
       -3.2980491784447778e-02 ]
boardWidth: 11
boardHeight: 7
squareSize: 2.4000000953674316e+00
calibrationError: 2.3506467987670587e-01
imageSize: [ 1100, 1100 ]
